0.99931586
0.99971283
1.3815059
0.99956862
0.99977884
1.0683511
0.9995874
1.1532621
0.99911631
1.0372656
1.0003065
1.0001449
1.2978203
1.0999532
0.99932542
0.83281642
1.5086763
0.99993162
1.1252321
0.99982022
0.99970396
-1.0000344
0.99909432
1.2907608
1.0004528
1.0197524
0.99953721
-1.0000344
1.377011
0.99958034
1.0006519
0.99992905
0.99989037
1.0000152
-0.94267539
0.99997592
-0.49647364
2.0528408
1.000003
1.6745811
1.0006903
0.99981478
1.048654
0.99983392
1.0000872
1.0005303
1.0004094
0.99943212
1.0004914
0.99986238
1.7712695
0.99998529
0.99935855
1.2369145
0.046364393
0.99960952
0.9999304
1.9829225
0.99973003
1.0643253
0.99987908
1.3511625
1
1.0002386
1.0001362
1.0466325
1.4317005
0.99918001
1.0007962
1.000605
1.0002704
0.99989561
0.99976983
1.04315
1.0018296
1.0484379
1.0000928
1
0.99925657
1.0001281
1.7839069
0.99992438
1.2418495
0.99953694
0.89717377
1.2974484
0.99947891
1.162927
0.99901244
1.2553867
0.99908655
1.0000094
1.2108054
0.99933615
1.0426197
1.0000663
1.3376542
1.0003077
1.5712524
1.0000149
1.1824689
0.99971094
1.0001053
1.0001214
0.9996656
0.99991335
1.6156446
0.99978331
0.99939571
1
1.7221794
-0.99966289
0.99910924
1.2086954
1.1467265
-0.68108722
1.0088934
1.0000302
1.8816264
0.99946777
1.3169771
0.99949211
1.5325853
1.2180831
1.0001419
1.0005837
1.0006942
1.02971
1.0002335
1.0003636
1.3021487
1.0001408
1.2012425
0.99997647
0.99972312
0.99988527
1.0006088
1.0000444
0.99974543
1.0005919
1
1.000677
0.99927639
0.99920133
1
1.2290331
1.0001696
1.0003047
0.99976172
2.0339681
1.0641147
1.0000684
0.99929487
0.99995252
1.000155
1.000618
1.7931324
0.99992564
0.99962046
1.0907688
1.1653209
1.0560467
1.1841919
1.0000601
0.99913602
1.0808952
1.2238071
1.3135129
0.99980031
1.0002124
0.9994884
1.0001557
0.99970304
1.155145
0.99915613
0.99992036
1.000305
0.99942896
1.0133591
1.0002537
1.365005
1.418885
1.0228306
1.408322
1.2926005
0.99973201
0.99983773
0.99976949
1.222371
1.1718345
1.3273799
0.99916528
0.99971645
2.2588764
1.76009
1.0000466
1.0002453
1.1730624
1.0443837
0.99970061
0.99998732
1.3528941
1.9643197
1.0004986
0.99996554
1.0003732
1.3017523
1.0002037
0.99926468
1.5067493
-0.71573995
1.0007351
1.0000159
1.0001561
1
1.0004803
1.0967446
0.99986417
1.106792
1.0000547
0.9999448
1.2535983
1.0000726
1.143227
0.99955624
1.0360253
0.99978614
1.1650486
1.0004735
1.5281762
-0.81719723
1.459025
-0.72957712
0.99962009
0.99974
1.00063
1.0876935
0.99984287
1.0727674
0.99930155
0.99931153
1.0892968
1.0006135
1.0005244
1.0005959
-1.644165
1.9761733
1.0642071
1.624169
-0.88800847
1.0000517
1.0000047
0.99974837
0.99958184
1.0001626
1.1451852
1.0000309
1.0000595
0.78520323
1.4773058
1.000157
0.99945575
0.99959413
1.000708
0.99982147
1.1461748
0.99930982
1
1.0000225
1.0003387
0.99915239
0.99917838
1.0485644
0.99931305
0.96400981
0.99978757
0.99990378
1.0005501
1.1444396
0.99997352
1
1.1463235
0.99989081
1.0003766
0.99958435
0.99978892
1.0003859
1.0155077
1.0001268
0.99950751
1.0689963
1.0001146
0.99971508
1.0004061
1.0004038
1.0003253
0.9990946
1.0004508
1.0006302
1.1617095
-0.99995166
-1.0005366
-1.0005552
-1.000008
-1.1954951
-1.2031111
-0.99991583
-0.99977674
-1.0002864
-0.99992253
-0.99996477
-1.0002293
-1.0000621
-0.9996951
-1.000798
-0.99998376
-1.2341257
-0.99972198
-1.0004338
-1.000332
-0.99999844
-1.0001286
-1.4931879
-1.0007224
-0.99952807
-1.0197088
-1.0004602
-1.1792309
-0.99947451
-1.0618909
-0.99976586
-1.0002034
-1.0001425
-1.0945356
-0.99942546
-1.0001939
-1.1373475
-0.99992482
-1.0004325
-1.0008571
-1.0886181
-1.0000824
0.046364393
0.99961226
-0.60308128
-1.1379437
-1.3270878
-0.9998871
-0.98571695
-1.3707961
-0.99980098
-1.1463369
-1.4562318
-1.5851865
-1.1775427
-1.5026334
-1.0025308
-1.3500536
-1.136268
-1.8524929
-1.0279294
-1.1711943
-1.5789888
-1.3496697
-1.7614152
-1.0236221
-1.9288268
-1.3970706
-1.7021125
-1.334828
-1.0656628
-1.3923864
-1.3483786
-1.6669027
-1.6895596
-1.7968839
-1.5447797
-1.0532349
-1.6178642
-2.0017016
-1.1110572
-2.050147
-1.80246
-1.0373994
-1.2976642
-0.99989907
-1.0001394
-1.1825664
-1.773134
-1.000702
-1.1225369
-1.3028354
-1.2724707
-1.3480021
-0.99956513
-1.2092106
-1.1145392
-1.6452448
-1.4576494
-1.5454446
-1.3343913
-1.5742025
-1.0002313
-1.7424558
-1.2350524
-1.0004446
-1.4203929
-1.2861653
-1.5182719
-1.313046
-1.5280937
-0.99957617
-1.5382627
-1.4404491
-1.4818085
-1.1957632
-1.655653
-1.708028
-1.5730335
-1.0005829
-1.1728896
-1.3302848
-0.760638
-1.3801396
-1.4939861
-1.6236411
-1.4454698
-0.99975316
-1.8876165
-1.7052068
-1.6696799
-1.3698248
-1.065071
-1.1838214
-1.1519914
-1.0001169
-1.0005779
-1.4383824
-1.0220329
-1.2080292
-0.99970744
-1.5691882
-0.9997501
-1.6845295
-1.0004084
-1.2378536
0.999829
-1.4942595
-1.0004121
-1.5028312
0.99957878
-1.323817
-0.99970747
1.0005027
-0.99977397
-1.0002219
-1.8278297
-1.0008366
-1.548434
-1.6608665
-1.0001204
-1.4099607
-1.3126635
-1.3766212
-1.661798
-0.54172888
-1.233211
-1.2584705
-1.9352592
0.99976633
-1.0391813
-1.6026773
-0.57410286
-1.0094343
-0.9996127
-0.96805764
-0.99957108
-1.0002445
-1.1003989
0.99989142
-1.0215028
0.9995007
-1.147658
-1.0448989
-0.9996311
-1.3394446
0.99915669
0.99905938
-1.000075
-0.99983532
-1.0003048
-1.5511181
-1.0006652
-0.99995579
-0.99991178
-1.0672617
-0.99943625
-1.0002094
-1.0671963
-1.1702912
-1.2031158
-1.000084
-1.3769833
-1.0004625
-1.0001057
-0.99953652
-1.0001299
-1.0003069
-0.99967891
-1.000228
-1.0000179
-1.0000714
-0.99940883
-1.4293685
-1.0005808
-0.9995788
0.82748171
-1.0297648
-0.99991701
-1.4320967
-0.99978234
-0.99980394
-1.0003974
-1.1989537
-0.99979955
-0.90476444
-1.0005974
-1.0005224
-1.1176883
-1.0003754
-1.0001617
-1.5461031
-1.0004471
-1.00014
-1.0003451
-1.0000782
-1.0005701
-1.0003907
-1.000561
-1.0005611
-0.99991982
-0.99937292
0.73100477
-1
-1.2417272
-0.99994007
-1.3423485
-0.96182766
-0.8754697
-1.0005148
-0.99980955
-1.0002564
-0.87213597
-1.0007441
-0.99989603
-1.0003917
-0.99992742
-1.000574
-1.0002801
-0.99995406
-1.0004071
-0.99962479
-0.8533256
1.0001462
-1.0002397
-1
-0.99998167
-1.0005155
-1.3309134
-1.0005165
-0.99986603
-1.0000874
-1.000517
-1.0960823
-1.000733
-1.0932858
-1.0009154
-1.0003303
-1.0009366
-0.9997625
-0.99956364
-0.99983379
-1.2433367
-0.99928851
-1.5576348
-1.0000677
-1.2855018
-1.0006921
-1.0703081
-1.0004229
-1.2067703
-1.0908206
-1.1885208
-1.0000977
-1.000242
-1.0990929
-1.0005939
-1.0000428
-0.99966708
-1.0004514
